   21 base-pairs
...     1 A-T ...
    0.0000    0.0000    0.0000
    1.0000    0.0000    0.0000
    0.0000    1.0000    0.0000
    0.0000    0.0000    1.0000
...     2 C-G ...
    0.3695   -0.4371    3.3912
    0.8523    0.5227   -0.0183
   -0.5228    0.8524   -0.0064
    0.0123    0.0151    0.9998
...     3 A-T ...
    0.2842   -0.2554    6.7738
    0.3934    0.9118   -0.1177
   -0.9159    0.3998    0.0356
    0.0795    0.0938    0.9924
...     4 T-A ...
    1.1015   -0.0562   10.1052
   -0.1363    0.9889   -0.0590
   -0.9877   -0.1311    0.0849
    0.0762    0.0699    0.9946
...     5 G-C ...
    1.0542    0.4065   13.4617
   -0.6838    0.7231   -0.0975
   -0.7290   -0.6711    0.1352
    0.0323    0.1635    0.9860
...     6 T-A ...
    1.6088    1.3374   16.7257
   -0.9644    0.2635   -0.0245
   -0.2635   -0.9475    0.1811
    0.0245    0.1811    0.9832
...     7 A-T ...
    1.5392    1.9053   20.0164
   -0.9320   -0.3626    0.0015
    0.3563   -0.9151    0.1886
   -0.0670    0.1763    0.9821
...     8 A-T ...
    1.2441    2.6200   23.2010
   -0.5532   -0.8284    0.0882
    0.8311   -0.5415    0.1268
   -0.0573    0.1435    0.9880
...     9 T-A ...
    0.5310    3.3123   26.4901
   -0.0437   -0.9855    0.1642
    0.9978   -0.0349    0.0563
   -0.0498    0.1663    0.9848
...    10 T-A ...
    0.1353    3.7135   29.7184
    0.5414   -0.8252    0.1612
    0.8373    0.5466   -0.0140
   -0.0766    0.1426    0.9868
...    11 C-G ...
    0.1261    3.8934   33.0746
    0.9258   -0.3719    0.0683
    0.3758    0.9248   -0.0584
   -0.0415    0.0797    0.9960
...    12 A-T ...
    0.0158    4.3424   36.4314
    0.9728    0.2186   -0.0765
   -0.2231    0.9731   -0.0567
    0.0621    0.0722    0.9955
...    13 T-A ...
    0.4570    4.0760   39.8285
    0.7176    0.6928   -0.0715
   -0.6953    0.7186   -0.0154
    0.0408    0.0608    0.9973
...    14 T-A ...
    0.8570    4.2165   43.0781
    0.1834    0.9804   -0.0726
   -0.9801    0.1881    0.0641
    0.0765    0.0594    0.9953
...    15 T-A ...
    1.3573    4.5169   46.3028
   -0.4173    0.9083   -0.0276
   -0.9025   -0.4107    0.1295
    0.1063    0.0789    0.9912
...    16 A-T ...
    1.5865    4.8726   49.6160
   -0.8763    0.4806   -0.0321
   -0.4797   -0.8647    0.1490
    0.0439    0.1459    0.9883
...    17 C-G ...
    1.6212    5.9231   52.8907
   -0.9985   -0.0449    0.0324
    0.0490   -0.9893    0.1374
    0.0259    0.1388    0.9900
...    18 A-T ...
    1.7572    6.2185   56.2636
   -0.7873   -0.6165    0.0069
    0.6124   -0.7807    0.1241
   -0.0711    0.1019    0.9923
...    19 C-G ...
    0.9574    6.6776   59.5768
   -0.3497   -0.9354    0.0525
    0.9341   -0.3438    0.0958
   -0.0715    0.0826    0.9940
...    20 G-C ...
    1.2681    6.8059   63.0971
    0.2441   -0.9694    0.0262
    0.9668    0.2454    0.0714
   -0.0756    0.0079    0.9971
...    21 C-G ...
    0.9631    6.7792   66.4639
    0.7482   -0.6615    0.0508
    0.6598    0.7499    0.0476
   -0.0696   -0.0021    0.9976
