  147 base-pairs
...     1 A-T ...
    0.0000    0.0000    0.0000
    1.0000    0.0000    0.0000
    0.0000    1.0000    0.0000
    0.0000    0.0000    1.0000
...     2 T-A ...
    0.1110   -0.5504    3.3898
    0.8550    0.5181    0.0234
   -0.5181    0.8553   -0.0065
   -0.0234   -0.0065    0.9997
...     3 C-G ...
    0.3419   -0.3341    6.7358
    0.4059    0.9130   -0.0410
   -0.9130    0.4071    0.0268
    0.0412    0.0266    0.9988
...     4 A-T ...
    0.3029   -0.2080   10.1218
   -0.1961    0.9736   -0.1171
   -0.9792   -0.1882    0.0758
    0.0517    0.1295    0.9902
...     5 A-T ...
    0.6235    0.2660   13.3486
   -0.7268    0.6828   -0.0739
   -0.6866   -0.7197    0.1032
    0.0172    0.1257    0.9919
...     6 T-A ...
    0.9792    1.1641   16.6459
   -0.9768    0.2139    0.0134
   -0.2108   -0.9701    0.1201
    0.0387    0.1144    0.9927
...     7 A-T ...
    0.9594    1.5013   19.9690
   -0.9121   -0.4099   -0.0048
    0.4066   -0.9061    0.1172
   -0.0524    0.1050    0.9931
...     8 T-A ...
    0.4567    2.3103   23.2702
   -0.5704   -0.8174    0.0798
    0.8206   -0.5633    0.0963
   -0.0337    0.1204    0.9921
...     9 C-G ...
    0.1587    2.3710   26.6174
    0.0031   -0.9979    0.0643
    0.9969    0.0082    0.0787
   -0.0791    0.0639    0.9948
...    10 C-G ...
   -0.5224    2.3149   29.8598
    0.5526   -0.8327    0.0346
    0.8308    0.5536    0.0565
   -0.0662   -0.0025    0.9978
...    11 A-T ...
   -0.6207    2.4378   33.2447
    0.9318   -0.3608   -0.0384
    0.3625    0.9302    0.0568
    0.0152   -0.0669    0.9976
...    12 C-G ...
   -0.3832    1.6709   36.5888
    0.9835    0.1799   -0.0213
   -0.1783    0.9820    0.0621
    0.0321   -0.0573    0.9978
...    13 C-G ...
    0.0557    1.1139   39.8256
    0.7217    0.6907   -0.0462
   -0.6856    0.7224    0.0895
    0.0952   -0.0329    0.9949
...    14 T-A ...
    0.6344    0.8237   43.1562
    0.2255    0.9736   -0.0350
   -0.9634    0.2282    0.1403
    0.1446    0.0020    0.9895
...    15 G-C ...
    0.9201    1.1513   46.5167
   -0.3821    0.9230   -0.0457
   -0.9139   -0.3701    0.1667
    0.1369    0.1055    0.9850
...    16 C-G ...
    1.4235    1.5669   49.8338
   -0.8329    0.5515    0.0454
   -0.5380   -0.8263    0.1668
    0.1295    0.1145    0.9850
...    17 A-T ...
    1.7991    1.7855   53.1944
   -0.9988   -0.0352    0.0348
    0.0398   -0.9893    0.1406
    0.0294    0.1418    0.9895
...    18 G-C ...
    1.6241    2.4098   56.5248
   -0.8159   -0.5763    0.0462
    0.5780   -0.8111    0.0898
   -0.0143    0.1000    0.9949
...    19 A-T ...
    1.6826    2.8610   59.8549
   -0.3384   -0.9408    0.0170
    0.9404   -0.3375    0.0423
   -0.0340    0.0303    0.9990
...    20 T-A ...
    1.0121    3.0449   63.2197
    0.1971   -0.9786    0.0598
    0.9799    0.1986    0.0208
   -0.0323    0.0545    0.9980
...    21 A-T ...
    1.0057    3.1086   66.5592
    0.7386   -0.6736   -0.0265
    0.6740    0.7386    0.0100
    0.0129   -0.0252    0.9996
...    22 C-G ...
    1.0277    2.4513   69.9349
    0.9816   -0.1877   -0.0357
    0.1883    0.9820    0.0159
    0.0321   -0.0223    0.9992
...    23 T-A ...
    1.1400    2.0611   73.3034
    0.9227    0.3797   -0.0665
   -0.3750    0.9241    0.0731
    0.0892   -0.0425    0.9951
...    24 A-T ...
    1.5347    2.0411   76.6201
    0.5123    0.8533   -0.0969
   -0.8441    0.5211    0.1265
    0.1584    0.0170    0.9872
...    25 C-G ...
    2.6302    2.1862   79.8769
   -0.0074    0.9994   -0.0345
   -0.9884   -0.0021    0.1521
    0.1519    0.0353    0.9878
...    26 C-G ...
    3.5452    2.5648   83.0390
   -0.5561    0.8311   -0.0074
   -0.8195   -0.5467    0.1718
    0.1387    0.1016    0.9851
...    27 A-T ...
    3.8910    2.7784   86.4031
   -0.9354    0.3536   -0.0054
   -0.3490   -0.9206    0.1749
    0.0569    0.1655    0.9846
...    28 A-T ...
    4.1132    3.4735   89.5979
   -0.9662   -0.2469    0.0746
    0.2545   -0.9596    0.1196
    0.0421    0.1346    0.9900
...    29 A-T ...
    4.1905    4.0611   92.8210
   -0.6423   -0.7588    0.1078
    0.7649   -0.6435    0.0281
    0.0481    0.1005    0.9938
...    30 A-T ...
    4.2132    4.4765   96.0716
   -0.0834   -0.9931    0.0820
    0.9939   -0.0889   -0.0658
    0.0727    0.0760    0.9945
...    31 G-C ...
    4.2808    4.4805   99.4638
    0.4667   -0.8840   -0.0269
    0.8777    0.4667   -0.1090
    0.1089    0.0273    0.9937
...    32 T-A ...
    4.1225    4.3202  102.8956
    0.8553   -0.5098   -0.0921
    0.5059    0.8602   -0.0639
    0.1118    0.0081    0.9937
...    33 G-C ...
    4.8635    4.4449  106.1998
    0.9748    0.0765   -0.2095
   -0.0714    0.9969    0.0322
    0.2113   -0.0164    0.9773
...    34 T-A ...
    5.5976    3.8016  109.4976
    0.7910    0.5867   -0.1737
   -0.5671    0.8095    0.1516
    0.2296   -0.0214    0.9731
...    35 A-T ...
    6.4280    3.8715  112.7321
    0.2811    0.9502   -0.1348
   -0.9175    0.3072    0.2524
    0.2813    0.0527    0.9582
...    36 T-A ...
    7.9177    3.9865  115.8261
   -0.2285    0.9728    0.0379
   -0.9322   -0.2299    0.2795
    0.2806    0.0285    0.9594
...    37 T-A ...
    9.0110    4.2796  118.9016
   -0.7268    0.6608    0.1874
   -0.6184   -0.7483    0.2400
    0.2988    0.0586    0.9525
...    38 T-A ...
   10.0167    4.7413  121.9862
   -0.9522    0.1063    0.2865
   -0.0740   -0.9899    0.1213
    0.2965    0.0943    0.9504
...    39 G-C ...
   10.7416    4.8186  125.2954
   -0.8467   -0.4893    0.2089
    0.4938   -0.8689   -0.0341
    0.1982    0.0742    0.9773
...    40 G-C ...
   11.0034    5.3151  128.5611
   -0.4504   -0.8882    0.0908
    0.8788   -0.4590   -0.1306
    0.1576    0.0210    0.9873
...    41 A-T ...
   11.5729    5.5373  131.8660
    0.1197   -0.9902   -0.0713
    0.9778    0.1301   -0.1641
    0.1717   -0.0501    0.9839
...    42 A-T ...
   11.9824    5.3321  135.1110
    0.6587   -0.7318   -0.1750
    0.7237    0.6798   -0.1187
    0.2058   -0.0485    0.9774
...    43 A-T ...
   12.5550    5.0504  138.3254
    0.9509   -0.2034   -0.2332
    0.2040    0.9787   -0.0216
    0.2327   -0.0270    0.9722
...    44 C-G ...
   13.6062    4.4558  141.5455
    0.9129    0.3387   -0.2279
   -0.3247    0.9408    0.0972
    0.2473   -0.0148    0.9688
...    45 T-A ...
   14.5997    4.1372  144.7740
    0.5755    0.7974   -0.1816
   -0.7589    0.6035    0.2446
    0.3046   -0.0030    0.9525
...    46 G-C ...
   15.5728    4.5029  147.9992
    0.0041    0.9948   -0.1017
   -0.9415    0.0381    0.3349
    0.3370    0.0944    0.9368
...    47 C-G ...
   16.7695    4.8589  151.1409
   -0.5320    0.8414    0.0947
   -0.7782   -0.5299    0.3370
    0.3338    0.1056    0.9367
...    48 T-A ...
   18.1035    5.4324  154.2074
   -0.8849    0.4102    0.2207
   -0.3492   -0.8977    0.2687
    0.3083    0.1608    0.9376
...    49 C-G ...
   18.7745    6.0890  157.4346
   -0.9415   -0.1855    0.2812
    0.2309   -0.9632    0.1377
    0.2453    0.1946    0.9497
...    50 C-G ...
   19.2331    7.0864  160.5610
   -0.6753   -0.6937    0.2507
    0.7140   -0.7000   -0.0137
    0.1850    0.1697    0.9680
...    51 A-T ...
   20.0128    7.5638  163.8239
   -0.1594   -0.9821    0.1003
    0.9772   -0.1714   -0.1254
    0.1403    0.0780    0.9870
...    52 T-A ...
   19.9329    7.8136  167.2498
    0.3732   -0.9267    0.0439
    0.9175    0.3617   -0.1656
    0.1376    0.1021    0.9852
...    53 C-G ...
   20.5769    7.8109  170.5485
    0.8217   -0.5584   -0.1142
    0.5471    0.8289   -0.1161
    0.1596    0.0329    0.9866
...    54 A-T ...
   21.1815    8.0918  173.8709
    0.9662    0.0166   -0.2573
   -0.0171    0.9999    0.0002
    0.2572    0.0042    0.9663
...    55 A-T ...
   22.0462    7.9475  177.0286
    0.7728    0.5910   -0.2315
   -0.5793    0.8058    0.1232
    0.2593    0.0389    0.9650
...    56 A-T ...
   23.0029    7.9593  180.1629
    0.2902    0.9468   -0.1393
   -0.9260    0.3145    0.2086
    0.2413    0.0685    0.9680
...    57 A-T ...
   23.9457    8.1532  183.2955
   -0.3035    0.9527   -0.0149
   -0.9294   -0.2926    0.2249
    0.2100    0.0821    0.9743
...    58 G-C ...
   24.7189    8.7321  186.5480
   -0.7723    0.6331    0.0515
   -0.6152   -0.7657    0.1877
    0.1583    0.1133    0.9809
...    59 G-C ...
   25.3245    9.5583  189.6992
   -0.9915    0.1028    0.0803
   -0.0908   -0.9858    0.1413
    0.0937    0.1328    0.9867
...    60 C-G ...
   25.6075   10.0714  193.0288
   -0.8705   -0.4733    0.1350
    0.4852   -0.8712    0.0747
    0.0823    0.1305    0.9880
...    61 A-T ...
   26.0068   10.3769  196.3798
   -0.4391   -0.8968    0.0547
    0.8984   -0.4390    0.0139
    0.0116    0.0553    0.9984
...    62 T-A ...
   25.5027   10.7064  199.7626
    0.0903   -0.9929    0.0773
    0.9958    0.0887   -0.0230
    0.0160    0.0791    0.9967
...    63 G-C ...
   25.8504   10.7326  203.1332
    0.6419   -0.7653   -0.0485
    0.7648    0.6435   -0.0312
    0.0550   -0.0171    0.9983
...    64 T-A ...
   25.5718   10.3152  206.5355
    0.9463   -0.3157   -0.0698
    0.3173    0.9482    0.0138
    0.0619   -0.0352    0.9975
...    65 T-A ...
   25.8456    9.9369  209.7792
    0.9552    0.2908   -0.0544
   -0.2856    0.9544    0.0869
    0.0772   -0.0675    0.9947
...    66 C-G ...
   26.4612    9.8658  213.0826
    0.6151    0.7868   -0.0511
   -0.7745    0.6151    0.1476
    0.1475   -0.0512    0.9877
...    67 A-T ...
   26.7983    9.7707  216.4530
    0.0428    0.9976   -0.0551
   -0.9823    0.0521    0.1801
    0.1826    0.0464    0.9821
...    68 G-C ...
   27.5803   10.1871  219.7282
   -0.5096    0.8604   -0.0070
   -0.8482   -0.5010    0.1720
    0.1445    0.0936    0.9851
...    69 C-G ...
   28.1003   10.5681  223.0469
   -0.9011    0.4261    0.0804
   -0.4118   -0.8990    0.1493
    0.1359    0.1015    0.9855
...    70 T-A ...
   28.6294   11.2151  226.3352
   -0.9849   -0.1385    0.1041
    0.1508   -0.9811    0.1212
    0.0853    0.1351    0.9872
...    71 G-C ...
   28.6956   11.3670  229.7197
   -0.7239   -0.6876    0.0568
    0.6899   -0.7204    0.0714
   -0.0082    0.0908    0.9958
...    72 G-C ...
   28.2258   11.8133  232.9693
   -0.2270   -0.9737    0.0201
    0.9732   -0.2260    0.0412
   -0.0356    0.0290    0.9989
...    73 A-T ...
   28.1092   12.0678  236.3186
    0.3705   -0.9283   -0.0323
    0.9288    0.3701    0.0172
   -0.0040   -0.0364    0.9993
...    74 A-T ...
   27.9563   11.8708  239.5863
    0.8389   -0.5429   -0.0388
    0.5435    0.8394    0.0062
    0.0292   -0.0262    0.9992
...    75 T-A ...
   27.8493   11.2595  242.9657
    0.9995   -0.0299   -0.0066
    0.0300    0.9994    0.0188
    0.0060   -0.0190    0.9998
...    76 C-G ...
   28.2583   11.2280  246.3016
    0.8355    0.5471   -0.0511
   -0.5439    0.8367    0.0647
    0.0782   -0.0262    0.9966
...    77 C-G ...
   28.9643   10.9307  249.5254
    0.3954    0.9159   -0.0696
   -0.9097    0.4009    0.1079
    0.1267    0.0207    0.9917
...    78 A-T ...
   29.2157   11.0356  252.9030
   -0.2113    0.9730   -0.0932
   -0.9679   -0.1951    0.1584
    0.1359    0.1237    0.9830
...    79 G-C ...
   29.7695   11.7453  256.1742
   -0.7117    0.7006   -0.0508
   -0.6971   -0.6954    0.1746
    0.0870    0.1597    0.9833
...    80 C-G ...
   30.0780   12.3553  259.4851
   -0.9819    0.1837    0.0457
   -0.1731   -0.9690    0.1762
    0.0766    0.1651    0.9833
...    81 T-A ...
   30.3281   13.2237  262.7555
   -0.9196   -0.3824    0.0898
    0.3923   -0.9054    0.1625
    0.0191    0.1847    0.9826
...    82 G-C ...
   30.2544   13.4984  266.1321
   -0.5260   -0.8477    0.0692
    0.8484   -0.5171    0.1133
   -0.0602    0.1183    0.9911
...    83 A-T ...
   30.1051   14.0431  269.4453
    0.0563   -0.9972    0.0495
    0.9971    0.0587    0.0484
   -0.0512    0.0466    0.9976
...    84 A-T ...
   29.7806   14.1657  272.7040
    0.6230   -0.7808    0.0460
    0.7820    0.6231   -0.0156
   -0.0165    0.0457    0.9988
...    85 C-G ...
   29.6132   13.7598  276.1150
    0.9401   -0.3407    0.0128
    0.3410    0.9391   -0.0438
    0.0029    0.0455    0.9990
...    86 A-T ...
   29.6464   14.0944  279.4869
    0.9601    0.2555   -0.1137
   -0.2586    0.9659   -0.0129
    0.1065    0.0418    0.9934
...    87 T-A ...
   30.2565   13.7327  282.8488
    0.6894    0.7199   -0.0807
   -0.7193    0.6935    0.0414
    0.0858    0.0295    0.9959
...    88 G-C ...
   30.5336   14.2114  286.1919
    0.1411    0.9800   -0.1402
   -0.9812    0.1573    0.1120
    0.1318    0.1217    0.9838
...    89 C-G ...
   31.0446   14.6520  289.5046
   -0.4391    0.8962   -0.0634
   -0.8890   -0.4232    0.1750
    0.1300    0.1332    0.9825
...    90 C-G ...
   31.7322   15.5031  292.6324
   -0.8608    0.5086   -0.0187
   -0.5010   -0.8404    0.2066
    0.0893    0.1872    0.9782
...    91 T-A ...
   32.1341   16.4268  295.8722
   -0.9978   -0.0414    0.0527
    0.0521   -0.9735    0.2228
    0.0421    0.2251    0.9734
...    92 T-A ...
   32.1081   17.3766  299.0086
   -0.7842   -0.5977    0.1665
    0.6203   -0.7621    0.1858
    0.0159    0.2490    0.9684
...    93 T-A ...
   31.8999   18.2719  302.1542
   -0.2814   -0.9296    0.2380
    0.9594   -0.2675    0.0896
   -0.0196    0.2536    0.9671
...    94 T-A ...
   31.5753   19.0195  305.3283
    0.3251   -0.9145    0.2408
    0.9443    0.3277   -0.0302
   -0.0513    0.2372    0.9701
...    95 G-C ...
   31.7449   19.6639  308.6507
    0.8102   -0.5803    0.0831
    0.5861    0.7995   -0.1315
    0.0098    0.1552    0.9878
...    96 A-T ...
   31.6339   20.2479  311.9587
    0.9964   -0.0316   -0.0782
    0.0187    0.9869   -0.1604
    0.0822    0.1584    0.9839
...    97 T-A ...
   32.0129   20.2382  315.3737
    0.8636    0.4880   -0.1270
   -0.5008    0.8594   -0.1031
    0.0588    0.1527    0.9865
...    98 G-C ...
   32.3047   21.1150  318.6338
    0.4106    0.8741   -0.2597
   -0.9027    0.4299    0.0197
    0.1289    0.2263    0.9655
...    99 G-C ...
   33.1902   21.8698  321.7364
   -0.1589    0.9496   -0.2703
   -0.9786   -0.1152    0.1706
    0.1309    0.2916    0.9476
...   100 A-T ...
   33.6863   22.7064  324.9536
   -0.6965    0.6912   -0.1928
   -0.7134   -0.6381    0.2895
    0.0770    0.3392    0.9376
...   101 G-C ...
   33.8712   24.1378  328.0242
   -0.9757    0.2108   -0.0601
   -0.2186   -0.9150    0.3392
    0.0165    0.3441    0.9388
...   102 C-G ...
   33.9018   25.3651  331.1741
   -0.9288   -0.3465    0.1315
    0.3706   -0.8730    0.3172
    0.0049    0.3433    0.9392
...   103 A-T ...
   34.0210   26.3852  334.4033
   -0.5445   -0.8157    0.1954
    0.8354   -0.5066    0.2132
   -0.0749    0.2793    0.9573
...   104 G-C ...
   33.4912   27.1893  337.6567
    0.0034   -0.9750    0.2221
    0.9978    0.0179    0.0633
   -0.0657    0.2214    0.9730
...   105 T-A ...
   32.6821   27.9527  340.9110
    0.5254   -0.8244    0.2105
    0.8478    0.5282   -0.0475
   -0.0720    0.2034    0.9764
...   106 T-A ...
   32.3343   28.3716  344.1425
    0.9192   -0.3684    0.1390
    0.3854    0.9141   -0.1257
   -0.0808    0.1691    0.9823
...   107 T-A ...
   32.1227   28.6603  347.4000
    0.9733    0.2269    0.0355
   -0.2194    0.9643   -0.1480
   -0.0678    0.1363    0.9883
...   108 C-G ...
   32.2641   29.2452  350.7067
    0.6758    0.7287   -0.1113
   -0.7371    0.6688   -0.0968
    0.0039    0.1474    0.9891
...   109 C-G ...
   32.7669   29.6356  353.9586
    0.1610    0.9649   -0.2076
   -0.9862    0.1657    0.0054
    0.0396    0.2039    0.9782
...   110 A-T ...
   32.7191   30.3167  357.2776
   -0.4372    0.8601   -0.2629
   -0.8990   -0.4103    0.1529
    0.0237    0.3032    0.9526
...   111 A-T ...
   32.9302   31.3923  360.3660
   -0.8766    0.4581   -0.1475
   -0.4812   -0.8398    0.2514
   -0.0087    0.2914    0.9566
...   112 A-T ...
   32.9597   32.4887  363.4541
   -0.9930   -0.1178    0.0034
    0.1145   -0.9575    0.2649
   -0.0279    0.2634    0.9643
...   113 T-A ...
   32.6918   33.8956  366.5774
   -0.7904   -0.5906    0.1627
    0.6126   -0.7596    0.2185
   -0.0055    0.2724    0.9622
...   114 A-T ...
   32.6126   34.6662  369.8264
   -0.2733   -0.9457    0.1758
    0.9603   -0.2574    0.1079
   -0.0568    0.1983    0.9785
...   115 C-G ...
   31.8994   35.1015  373.1625
    0.2700   -0.9443    0.1883
    0.9618    0.2738   -0.0063
   -0.0456    0.1828    0.9821
...   116 A-T ...
   31.9053   35.8060  376.4771
    0.7747   -0.6301    0.0523
    0.6322    0.7704   -0.0831
    0.0120    0.0974    0.9952
...   117 C-G ...
   31.9561   35.5669  379.9075
    0.9905   -0.1362   -0.0170
    0.1337    0.9855   -0.1046
    0.0310    0.1013    0.9944
...   118 T-A ...
   32.0823   35.5965  383.2979
    0.9005    0.4191   -0.1164
   -0.4257    0.9041   -0.0382
    0.0892    0.0839    0.9925
...   119 T-A ...
   32.6072   35.7291  386.5300
    0.4882    0.8641   -0.1224
   -0.8641    0.4983    0.0712
    0.1225    0.0710    0.9899
...   120 T-A ...
   33.2777   35.9791  389.7280
   -0.1018    0.9927   -0.0641
   -0.9824   -0.0902    0.1638
    0.1569    0.0796    0.9844
...   121 T-A ...
   33.9976   36.4105  392.8959
   -0.6518    0.7575    0.0371
   -0.7368   -0.6441    0.2055
    0.1796    0.1066    0.9780
...   122 G-C ...
   34.2291   36.7961  396.2545
   -0.9700    0.2375    0.0514
   -0.2251   -0.9579    0.1784
    0.0916    0.1615    0.9826
...   123 G-C ...
   34.4116   37.7739  399.4152
   -0.9390   -0.3357    0.0750
    0.3431   -0.9298    0.1336
    0.0249    0.1512    0.9882
...   124 T-A ...
   34.3174   38.8408  402.6834
   -0.6213   -0.7741    0.1217
    0.7836   -0.6148    0.0895
    0.0055    0.1510    0.9885
...   125 A-T ...
   34.3108   39.1925  406.0049
   -0.0376   -0.9972    0.0646
    0.9989   -0.0359    0.0287
   -0.0263    0.0656    0.9975
...   126 G-C ...
   34.0557   39.1519  409.3879
    0.5137   -0.8579    0.0097
    0.8579    0.5134   -0.0203
    0.0124    0.0188    0.9997
...   127 T-A ...
   33.5810   38.9348  412.7873
    0.8862   -0.4631   -0.0145
    0.4630    0.8863   -0.0073
    0.0163   -0.0002    0.9999
...   128 A-T ...
   33.7912   38.9384  416.1208
    0.9832    0.1505   -0.1030
   -0.1480    0.9885    0.0311
    0.1065   -0.0153    0.9942
...   129 T-A ...
   34.3427   38.3591  419.4623
    0.7665    0.6404   -0.0487
   -0.6367    0.7676    0.0734
    0.0844   -0.0253    0.9961
...   130 C-G ...
   34.8940   38.5564  422.7719
    0.2596    0.9642   -0.0542
   -0.9551    0.2646    0.1333
    0.1429    0.0172    0.9896
...   131 T-A ...
   35.6877   38.5939  426.0705
   -0.3103    0.9505   -0.0175
   -0.9359   -0.3022    0.1812
    0.1669    0.0726    0.9833
...   132 G-C ...
   35.9134   39.0092  429.4259
   -0.8047    0.5936   -0.0075
   -0.5839   -0.7893    0.1900
    0.1068    0.1573    0.9818
...   133 C-G ...
   36.2784   39.6124  432.7323
   -0.9950    0.0424    0.0901
   -0.0272   -0.9860    0.1644
    0.0958    0.1611    0.9823
...   134 A-T ...
   36.6373   39.9807  436.0816
   -0.8350   -0.5457    0.0701
    0.5502   -0.8274    0.1130
   -0.0037    0.1329    0.9911
...   135 G-C ...
   36.3147   40.4126  439.4314
   -0.3992   -0.9149    0.0606
    0.9167   -0.3968    0.0474
   -0.0193    0.0745    0.9970
...   136 G-C ...
   35.7853   40.6220  442.6957
    0.1687   -0.9856    0.0102
    0.9855    0.1689    0.0190
   -0.0205    0.0068    0.9998
...   137 T-A ...
   35.1328   40.5701  446.0720
    0.6593   -0.7519    0.0064
    0.7515    0.6592    0.0259
   -0.0237   -0.0123    0.9996
...   138 G-C ...
   35.4320   40.5074  449.4467
    0.9692   -0.2336   -0.0785
    0.2378    0.9700    0.0496
    0.0646   -0.0667    0.9957
...   139 G-C ...
   35.7564   39.8364  452.6754
    0.9348    0.3393   -0.1047
   -0.3300    0.9390    0.0969
    0.1312   -0.0561    0.9898
...   140 A-T ...
   36.0639   39.5649  456.0113
    0.5684    0.8164   -0.1022
   -0.8053    0.5775    0.1343
    0.1686    0.0059    0.9857
...   141 T-A ...
   37.1418   39.3578  459.2672
    0.0728    0.9973    0.0052
   -0.9843    0.0710    0.1613
    0.1605   -0.0169    0.9869
...   142 A-T ...
   37.6125   39.4425  462.5729
   -0.5357    0.8443    0.0135
   -0.8330   -0.5310    0.1552
    0.1382    0.0719    0.9878
...   143 T-A ...
   38.4801   40.0724  465.8373
   -0.8864    0.4485    0.1150
   -0.4359   -0.8921    0.1193
    0.1561    0.0556    0.9862
...   144 T-A ...
   38.9542   40.5248  469.0482
   -0.9761   -0.1500    0.1575
    0.1620   -0.9846    0.0658
    0.1452    0.0898    0.9853
...   145 G-C ...
   39.2276   40.5203  472.4257
   -0.7162   -0.6945    0.0688
    0.6959   -0.7181   -0.0047
    0.0526    0.0445    0.9976
...   146 A-T ...
   39.4914   40.8003  475.7646
   -0.1944   -0.9808   -0.0185
    0.9800   -0.1933   -0.0482
    0.0437   -0.0275    0.9987
...   147 T-A ...
   39.0785   40.7047  479.1743
    0.3425   -0.9393   -0.0174
    0.9386    0.3430   -0.0381
    0.0418   -0.0033    0.9991
